0 0 0 0 0 0 0 0 
0.5 0.5 0.5 0.5 0.5 0.5 0.5 0.5 
0.75 0.25 0.25 0.25 0.75 0.75 0.25 0.75 
0.25 0.75 0.75 0.75 0.25 0.25 0.75 0.25 
0.375 0.375 0.625 0.875 0.375 0.125 0.375 0.875 
0.875 0.875 0.125 0.375 0.875 0.625 0.875 0.375 
0.625 0.125 0.875 0.625 0.625 0.875 0.125 0.125 
0.125 0.625 0.375 0.125 0.125 0.375 0.625 0.625 
0.1875 0.3125 0.9375 0.4375 0.5625 0.3125 0.4375 0.9375 
0.6875 0.8125 0.4375 0.9375 0.0625 0.8125 0.9375 0.4375 
0.9375 0.0625 0.6875 0.1875 0.3125 0.5625 0.1875 0.1875 
0.4375 0.5625 0.1875 0.6875 0.8125 0.0625 0.6875 0.6875 
0.3125 0.1875 0.3125 0.5625 0.9375 0.4375 0.0625 0.0625 
0.8125 0.6875 0.8125 0.0625 0.4375 0.9375 0.5625 0.5625 
0.5625 0.4375 0.0625 0.8125 0.1875 0.6875 0.3125 0.8125 
0.0625 0.9375 0.5625 0.3125 0.6875 0.1875 0.8125 0.3125 
0.09375 0.46875 0.46875 0.65625 0.28125 0.96875 0.53125 0.84375 
0.59375 0.96875 0.96875 0.15625 0.78125 0.46875 0.03125 0.34375 
0.84375 0.21875 0.21875 0.90625 0.53125 0.21875 0.78125 0.09375 
0.34375 0.71875 0.71875 0.40625 0.03125 0.71875 0.28125 0.59375 
0.46875 0.09375 0.84375 0.28125 0.15625 0.84375 0.90625 0.21875 
0.96875 0.59375 0.34375 0.78125 0.65625 0.34375 0.40625 0.71875 
0.71875 0.34375 0.59375 0.03125 0.90625 0.09375 0.65625 0.96875 
0.21875 0.84375 0.09375 0.53125 0.40625 0.59375 0.15625 0.46875 
0.15625 0.15625 0.53125 0.84375 0.84375 0.65625 0.96875 0.15625 
0.65625 0.65625 0.03125 0.34375 0.34375 0.15625 0.46875 0.65625 
0.90625 0.40625 0.78125 0.59375 0.09375 0.40625 0.71875 0.90625 
0.40625 0.90625 0.28125 0.09375 0.59375 0.90625 0.21875 0.40625 
0.28125 0.28125 0.15625 0.21875 0.71875 0.53125 0.59375 0.78125 
0.78125 0.78125 0.65625 0.71875 0.21875 0.03125 0.09375 0.28125 
0.53125 0.03125 0.40625 0.46875 0.46875 0.28125 0.84375 0.03125 
0.03125 0.53125 0.90625 0.96875 0.96875 0.78125 0.34375 0.53125 
0.046875 0.265625 0.703125 0.546875 0.140625 0.921875 0.796875 0.671875 
0.546875 0.765625 0.203125 0.046875 0.640625 0.421875 0.296875 0.171875 
0.796875 0.015625 0.953125 0.796875 0.890625 0.171875 0.546875 0.421875 
0.296875 0.515625 0.453125 0.296875 0.390625 0.671875 0.046875 0.921875 
0.421875 0.140625 0.078125 0.421875 0.265625 0.796875 0.671875 0.296875 
0.921875 0.640625 0.578125 0.921875 0.765625 0.296875 0.171875 0.796875 
0.671875 0.390625 0.328125 0.171875 0.515625 0.046875 0.921875 0.546875 
0.171875 0.890625 0.828125 0.671875 0.015625 0.546875 0.421875 0.046875 
0.234375 0.078125 0.265625 0.984375 0.703125 0.734375 0.734375 0.359375 
0.734375 0.578125 0.765625 0.484375 0.203125 0.234375 0.234375 0.859375 
0.984375 0.328125 0.015625 0.734375 0.453125 0.484375 0.984375 0.609375 
0.484375 0.828125 0.515625 0.234375 0.953125 0.984375 0.484375 0.109375 
0.359375 0.453125 0.890625 0.109375 0.828125 0.609375 0.859375 0.734375 
0.859375 0.953125 0.390625 0.609375 0.328125 0.109375 0.359375 0.234375 
0.609375 0.203125 0.640625 0.359375 0.078125 0.359375 0.609375 0.484375 
0.109375 0.703125 0.140625 0.859375 0.578125 0.859375 0.109375 0.984375 
0.078125 0.234375 0.796875 0.140625 0.421875 0.078125 0.265625 0.453125 
0.578125 0.734375 0.296875 0.640625 0.921875 0.578125 0.765625 0.953125 
0.828125 0.484375 0.546875 0.390625 0.671875 0.828125 0.015625 0.703125 
0.328125 0.984375 0.046875 0.890625 0.171875 0.328125 0.515625 0.203125 
0.453125 0.359375 0.421875 0.765625 0.046875 0.203125 0.140625 0.578125 
0.953125 0.859375 0.921875 0.265625 0.546875 0.703125 0.640625 0.078125 
0.703125 0.109375 0.171875 0.515625 0.796875 0.953125 0.390625 0.328125 
0.203125 0.609375 0.671875 0.015625 0.296875 0.453125 0.890625 0.828125 
0.140625 0.421875 0.234375 0.328125 0.984375 0.265625 0.203125 0.515625 
0.640625 0.921875 0.734375 0.828125 0.484375 0.765625 0.703125 0.015625 
0.890625 0.171875 0.484375 0.078125 0.234375 0.515625 0.453125 0.265625 
0.390625 0.671875 0.984375 0.578125 0.734375 0.015625 0.953125 0.765625 
0.265625 0.046875 0.609375 0.703125 0.609375 0.390625 0.328125 0.390625 
0.765625 0.546875 0.109375 0.203125 0.109375 0.890625 0.828125 0.890625 
0.515625 0.296875 0.859375 0.953125 0.359375 0.640625 0.078125 0.640625 
0.015625 0.796875 0.359375 0.453125 0.859375 0.140625 0.578125 0.140625 
0.0234375 0.398438 0.820312 0.835938 0.648438 0.445312 0.664062 0.210938 
0.523438 0.898438 0.320312 0.335938 0.148438 0.945312 0.164062 0.710938 
0.773438 0.148438 0.570312 0.585938 0.398438 0.695312 0.914062 0.960938 
0.273438 0.648438 0.0703125 0.0859375 0.898438 0.195312 0.414062 0.460938 
0.398438 0.0234375 0.445312 0.210938 0.773438 0.320312 0.789062 0.835938 
0.898438 0.523438 0.945312 0.710938 0.273438 0.820312 0.289062 0.335938 
0.648438 0.273438 0.195312 0.460938 0.0234375 0.570312 0.539062 0.0859375 
0.148438 0.773438 0.695312 0.960938 0.523438 0.0703125 0.0390625 0.585938 
0.210938 0.210938 0.132812 0.648438 0.210938 0.132812 0.851562 0.773438 
0.710938 0.710938 0.632812 0.148438 0.710938 0.632812 0.351562 0.273438 
0.960938 0.460938 0.382812 0.898438 0.960938 0.882812 0.601562 0.0234375 
0.460938 0.960938 0.882812 0.398438 0.460938 0.382812 0.101562 0.523438 
0.335938 0.335938 0.507812 0.273438 0.335938 0.0078125 0.726562 0.148438 
0.835938 0.835938 0.0078125 0.773438 0.835938 0.507812 0.226562 0.648438 
0.585938 0.0859375 0.757812 0.0234375 0.585938 0.757812 0.976562 0.898438 
0.0859375 0.585938 0.257812 0.523438 0.0859375 0.257812 0.476562 0.398438 
0.117188 0.117188 0.664062 0.492188 0.929688 0.539062 0.132812 0.929688 
0.617188 0.617188 0.164062 0.992188 0.429688 0.0390625 0.632812 0.429688 
0.867188 0.367188 0.914062 0.242188 0.179688 0.289062 0.382812 0.179688 
0.367188 0.867188 0.414062 0.742188 0.679688 0.789062 0.882812 0.679688 
0.492188 0.492188 0.0390625 0.617188 0.554688 0.664062 0.257812 0.0546875 
0.992188 0.992188 0.539062 0.117188 0.0546875 0.164062 0.757812 0.554688 
0.742188 0.242188 0.289062 0.867188 0.304688 0.414062 0.0078125 0.804688 
0.242188 0.742188 0.789062 0.367188 0.804688 0.914062 0.507812 0.304688 
0.179688 0.304688 0.351562 0.0546875 0.492188 0.851562 0.320312 0.117188 
0.679688 0.804688 0.851562 0.554688 0.992188 0.351562 0.820312 0.617188 
0.929688 0.0546875 0.101562 0.304688 0.742188 0.101562 0.0703125 0.867188 
0.429688 0.554688 0.601562 0.804688 0.242188 0.601562 0.570312 0.367188 
0.304688 0.179688 0.976562 0.929688 0.117188 0.976562 0.195312 0.992188 
0.804688 0.679688 0.476562 0.429688 0.617188 0.476562 0.695312 0.492188 
0.554688 0.429688 0.726562 0.679688 0.867188 0.226562 0.445312 0.242188 
0.0546875 0.929688 0.226562 0.179688 0.367188 0.726562 0.945312 0.742188 
0.0390625 0.132812 0.398438 0.351562 0.507812 0.617188 0.398438 0.601562 
0.539062 0.632812 0.898438 0.851562 0.0078125 0.117188 0.898438 0.101562 
0.789062 0.382812 0.148438 0.101562 0.257812 0.367188 0.148438 0.351562 
0.289062 0.882812 0.648438 0.601562 0.757812 0.867188 0.648438 0.851562 
0.414062 0.257812 0.773438 0.726562 0.882812 0.742188 0.0234375 0.476562 
0.914062 0.757812 0.273438 0.226562 0.382812 0.242188 0.523438 0.976562 
0.664062 0.0078125 0.523438 0.976562 0.132812 0.492188 0.273438 0.726562 
0.164062 0.507812 0.0234375 0.476562 0.632812 0.992188 0.773438 0.226562 
0.226562 0.445312 0.585938 0.164062 0.0703125 0.804688 0.0859375 0.414062 
0.726562 0.945312 0.0859375 0.664062 0.570312 0.304688 0.585938 0.914062 
0.976562 0.195312 0.835938 0.414062 0.820312 0.0546875 0.335938 0.664062 
0.476562 0.695312 0.335938 0.914062 0.320312 0.554688 0.835938 0.164062 
0.351562 0.0703125 0.210938 0.789062 0.445312 0.929688 0.460938 0.539062 
0.851562 0.570312 0.710938 0.289062 0.945312 0.429688 0.960938 0.0390625 
0.601562 0.320312 0.460938 0.539062 0.695312 0.179688 0.210938 0.289062 
0.101562 0.820312 0.960938 0.0390625 0.195312 0.679688 0.710938 0.789062 
0.0703125 0.351562 0.117188 0.945312 0.789062 0.398438 0.929688 0.257812 
0.570312 0.851562 0.617188 0.445312 0.289062 0.898438 0.429688 0.757812 
0.820312 0.101562 0.367188 0.695312 0.0390625 0.648438 0.679688 0.507812 
0.320312 0.601562 0.867188 0.195312 0.539062 0.148438 0.179688 0.0078125 
0.445312 0.226562 0.742188 0.0703125 0.664062 0.273438 0.554688 0.632812 
0.945312 0.726562 0.242188 0.570312 0.164062 0.773438 0.0546875 0.132812 
0.695312 0.476562 0.992188 0.320312 0.414062 0.523438 0.804688 0.382812 
0.195312 0.976562 0.492188 0.820312 0.914062 0.0234375 0.304688 0.882812 
0.132812 0.0390625 0.929688 0.507812 0.351562 0.210938 0.617188 0.695312 
0.632812 0.539062 0.429688 0.0078125 0.851562 0.710938 0.117188 0.195312 
0.882812 0.289062 0.679688 0.757812 0.601562 0.960938 0.867188 0.445312 
0.382812 0.789062 0.179688 0.257812 0.101562 0.460938 0.367188 0.945312 
0.257812 0.414062 0.304688 0.382812 0.226562 0.0859375 0.992188 0.320312 
0.757812 0.914062 0.804688 0.882812 0.726562 0.585938 0.492188 0.820312 
0.507812 0.164062 0.0546875 0.132812 0.976562 0.835938 0.742188 0.570312 
0.0078125 0.664062 0.554688 0.632812 0.476562 0.335938 0.242188 0.0703125 
0.0117188 0.332031 0.292969 0.191406 0.902344 0.675781 0.863281 0.246094 
0.511719 0.832031 0.792969 0.691406 0.402344 0.175781 0.363281 0.746094 
0.761719 0.0820312 0.0429688 0.441406 0.152344 0.425781 0.613281 0.996094 
0.261719 0.582031 0.542969 0.941406 0.652344 0.925781 0.113281 0.496094 
0.386719 0.207031 0.917969 0.816406 0.527344 0.550781 0.738281 0.871094 
0.886719 0.707031 0.417969 0.316406 0.0273438 0.0507812 0.238281 0.371094 
0.636719 0.457031 0.667969 0.566406 0.277344 0.300781 0.988281 0.121094 
0.136719 0.957031 0.167969 0.0664062 0.777344 0.800781 0.488281 0.621094 
0.199219 0.0195312 0.730469 0.253906 0.464844 0.988281 0.675781 0.808594 
0.699219 0.519531 0.230469 0.753906 0.964844 0.488281 0.175781 0.308594 
0.949219 0.269531 0.980469 0.00390625 0.714844 0.238281 0.925781 0.0585938 
0.449219 0.769531 0.480469 0.503906 0.214844 0.738281 0.425781 0.558594 
0.324219 0.394531 0.105469 0.628906 0.0898438 0.863281 0.800781 0.183594 
0.824219 0.894531 0.605469 0.128906 0.589844 0.363281 0.300781 0.683594 
0.574219 0.144531 0.355469 0.878906 0.839844 0.113281 0.550781 0.933594 
0.0742188 0.644531 0.855469 0.378906 0.339844 0.613281 0.0507812 0.433594 
0.105469 0.175781 0.199219 0.597656 0.683594 0.332031 0.332031 0.902344 
0.605469 0.675781 0.699219 0.0976562 0.183594 0.832031 0.832031 0.402344 
0.855469 0.425781 0.449219 0.847656 0.433594 0.582031 0.0820312 0.152344 
0.355469 0.925781 0.949219 0.347656 0.933594 0.0820312 0.582031 0.652344 
0.480469 0.300781 0.574219 0.472656 0.808594 0.457031 0.207031 0.0273438 
0.980469 0.800781 0.0742188 0.972656 0.308594 0.957031 0.707031 0.527344 
0.730469 0.0507812 0.824219 0.222656 0.0585938 0.707031 0.457031 0.777344 
0.230469 0.550781 0.324219 0.722656 0.558594 0.207031 0.957031 0.277344 
0.167969 0.488281 0.761719 0.910156 0.246094 0.0195312 0.144531 0.0898438 
0.667969 0.988281 0.261719 0.410156 0.746094 0.519531 0.644531 0.589844 
0.917969 0.238281 0.511719 0.660156 0.996094 0.769531 0.394531 0.839844 
0.417969 0.738281 0.0117188 0.160156 0.496094 0.269531 0.894531 0.339844 
0.292969 0.113281 0.386719 0.0351562 0.371094 0.144531 0.269531 0.964844 
0.792969 0.613281 0.886719 0.535156 0.871094 0.644531 0.769531 0.464844 
0.542969 0.363281 0.136719 0.285156 0.621094 0.894531 0.0195312 0.214844 
0.0429688 0.863281 0.636719 0.785156 0.121094 0.394531 0.519531 0.714844 
0.0585938 0.0664062 0.996094 0.738281 0.761719 0.253906 0.0664062 0.574219 
0.558594 0.566406 0.496094 0.238281 0.261719 0.753906 0.566406 0.0742188 
0.808594 0.316406 0.746094 0.988281 0.0117188 0.503906 0.316406 0.324219 
0.308594 0.816406 0.246094 0.488281 0.511719 0.00390625 0.816406 0.824219 
0.433594 0.441406 0.371094 0.363281 0.636719 0.378906 0.441406 0.449219 
0.933594 0.941406 0.871094 0.863281 0.136719 0.878906 0.941406 0.949219 
0.683594 0.191406 0.121094 0.113281 0.386719 0.628906 0.191406 0.699219 
0.183594 0.691406 0.621094 0.613281 0.886719 0.128906 0.691406 0.199219 
0.246094 0.253906 0.0585938 0.800781 0.324219 0.0664062 0.378906 0.386719 
0.746094 0.753906 0.558594 0.300781 0.824219 0.566406 0.878906 0.886719 
0.996094 0.00390625 0.308594 0.550781 0.574219 0.816406 0.128906 0.636719 
0.496094 0.503906 0.808594 0.0507812 0.0742188 0.316406 0.628906 0.136719 
0.371094 0.128906 0.683594 0.175781 0.199219 0.191406 0.00390625 0.511719 
0.871094 0.628906 0.183594 0.675781 0.699219 0.691406 0.503906 0.0117188 
0.621094 0.378906 0.933594 0.425781 0.949219 0.941406 0.253906 0.261719 
0.121094 0.878906 0.433594 0.925781 0.449219 0.441406 0.753906 0.761719 
0.0898438 0.410156 0.527344 0.0820312 0.542969 0.722656 0.597656 0.292969 
0.589844 0.910156 0.0273438 0.582031 0.0429688 0.222656 0.0976562 0.792969 
0.839844 0.160156 0.777344 0.332031 0.292969 0.472656 0.847656 0.542969 
0.339844 0.660156 0.277344 0.832031 0.792969 0.972656 0.347656 0.0429688 
0.464844 0.0351562 0.152344 0.957031 0.917969 0.597656 0.972656 0.667969 
0.964844 0.535156 0.652344 0.457031 0.417969 0.0976562 0.472656 0.167969 
0.714844 0.285156 0.402344 0.707031 0.167969 0.347656 0.722656 0.417969 
0.214844 0.785156 0.902344 0.207031 0.667969 0.847656 0.222656 0.917969 
0.152344 0.222656 0.464844 0.394531 0.105469 0.910156 0.910156 0.730469 
0.652344 0.722656 0.964844 0.894531 0.605469 0.410156 0.410156 0.230469 
0.902344 0.472656 0.214844 0.144531 0.855469 0.160156 0.660156 0.480469 
0.402344 0.972656 0.714844 0.644531 0.355469 0.660156 0.160156 0.980469 
0.277344 0.347656 0.839844 0.519531 0.480469 0.785156 0.535156 0.355469 
0.777344 0.847656 0.339844 0.0195312 0.980469 0.285156 0.0351562 0.855469 
0.527344 0.0976562 0.589844 0.769531 0.730469 0.0351562 0.785156 0.605469 
0.0273438 0.597656 0.0898438 0.269531 0.230469 0.535156 0.285156 0.105469 
0.0195312 0.199219 0.597656 0.902344 0.253906 0.871094 0.464844 0.0351562 
0.519531 0.699219 0.0976562 0.402344 0.753906 0.371094 0.964844 0.535156 
0.769531 0.449219 0.847656 0.652344 0.503906 0.121094 0.214844 0.785156 
0.269531 0.949219 0.347656 0.152344 0.00390625 0.621094 0.714844 0.285156 
0.394531 0.324219 0.222656 0.0273438 0.128906 0.996094 0.0898438 0.910156 
0.894531 0.824219 0.722656 0.527344 0.628906 0.496094 0.589844 0.410156 
0.644531 0.0742188 0.472656 0.277344 0.878906 0.246094 0.339844 0.160156 
0.144531 0.574219 0.972656 0.777344 0.378906 0.746094 0.839844 0.660156 
0.207031 0.386719 0.410156 0.589844 0.816406 0.558594 0.0273438 0.972656 
0.707031 0.886719 0.910156 0.0898438 0.316406 0.0585938 0.527344 0.472656 
0.957031 0.136719 0.160156 0.839844 0.0664062 0.308594 0.277344 0.222656 
0.457031 0.636719 0.660156 0.339844 0.566406 0.808594 0.777344 0.722656 
0.332031 0.0117188 0.785156 0.464844 0.691406 0.683594 0.402344 0.0976562 
0.832031 0.511719 0.285156 0.964844 0.191406 0.183594 0.902344 0.597656 
0.582031 0.261719 0.535156 0.214844 0.441406 0.433594 0.152344 0.847656 
0.0820312 0.761719 0.0351562 0.714844 0.941406 0.933594 0.652344 0.347656 
0.113281 0.292969 0.878906 0.308594 0.0351562 0.152344 0.996094 0.816406 
0.613281 0.792969 0.378906 0.808594 0.535156 0.652344 0.496094 0.316406 
0.863281 0.0429688 0.628906 0.0585938 0.785156 0.902344 0.746094 0.0664062 
0.363281 0.542969 0.128906 0.558594 0.285156 0.402344 0.246094 0.566406 
0.488281 0.167969 0.253906 0.683594 0.410156 0.0273438 0.621094 0.191406 
0.988281 0.667969 0.753906 0.183594 0.910156 0.527344 0.121094 0.691406 
0.738281 0.417969 0.00390625 0.933594 0.660156 0.777344 0.871094 0.941406 
0.238281 0.917969 0.503906 0.433594 0.160156 0.277344 0.371094 0.441406 
0.175781 0.105469 0.0664062 0.246094 0.597656 0.464844 0.558594 0.128906 
0.675781 0.605469 0.566406 0.746094 0.0976562 0.964844 0.0585938 0.628906 
0.925781 0.355469 0.316406 0.496094 0.347656 0.714844 0.808594 0.878906 
0.425781 0.855469 0.816406 0.996094 0.847656 0.214844 0.308594 0.378906 
0.300781 0.480469 0.691406 0.871094 0.972656 0.339844 0.933594 0.753906 
0.800781 0.980469 0.191406 0.371094 0.472656 0.839844 0.433594 0.253906 
0.550781 0.230469 0.941406 0.621094 0.222656 0.589844 0.683594 0.00390625 
0.0507812 0.730469 0.441406 0.121094 0.722656 0.0898438 0.183594 0.503906 
0.0351562 0.464844 0.175781 0.417969 0.394531 0.199219 0.730469 0.644531 
0.535156 0.964844 0.675781 0.917969 0.894531 0.699219 0.230469 0.144531 
0.785156 0.214844 0.425781 0.167969 0.644531 0.949219 0.980469 0.394531 
0.285156 0.714844 0.925781 0.667969 0.144531 0.449219 0.480469 0.894531 
0.410156 0.0898438 0.550781 0.542969 0.0195312 0.0742188 0.855469 0.269531 
0.910156 0.589844 0.0507812 0.0429688 0.519531 0.574219 0.355469 0.769531 
0.660156 0.339844 0.800781 0.792969 0.769531 0.824219 0.605469 0.519531 
0.160156 0.839844 0.300781 0.292969 0.269531 0.324219 0.105469 0.0195312 
0.222656 0.152344 0.863281 0.105469 0.957031 0.386719 0.792969 0.332031 
0.722656 0.652344 0.363281 0.605469 0.457031 0.886719 0.292969 0.832031 
0.972656 0.402344 0.613281 0.355469 0.207031 0.636719 0.542969 0.582031 
0.472656 0.902344 0.113281 0.855469 0.707031 0.136719 0.0429688 0.0820312 
0.347656 0.277344 0.488281 0.980469 0.582031 0.261719 0.667969 0.707031 
0.847656 0.777344 0.988281 0.480469 0.0820312 0.761719 0.167969 0.207031 
0.597656 0.0273438 0.238281 0.730469 0.332031 0.511719 0.917969 0.457031 
0.0976562 0.527344 0.738281 0.230469 0.832031 0.0117188 0.417969 0.957031 
0.0664062 0.0585938 0.332031 0.761719 0.175781 0.792969 0.199219 0.488281 
0.566406 0.558594 0.832031 0.261719 0.675781 0.292969 0.699219 0.988281 
0.816406 0.308594 0.0820312 0.511719 0.925781 0.0429688 0.449219 0.738281 
0.316406 0.808594 0.582031 0.0117188 0.425781 0.542969 0.949219 0.238281 
0.441406 0.433594 0.957031 0.136719 0.300781 0.917969 0.324219 0.613281 
0.941406 0.933594 0.457031 0.636719 0.800781 0.417969 0.824219 0.113281 
0.691406 0.183594 0.707031 0.386719 0.550781 0.167969 0.0742188 0.363281 
0.191406 0.683594 0.207031 0.886719 0.0507812 0.667969 0.574219 0.863281 
0.128906 0.371094 0.644531 0.699219 0.738281 0.605469 0.261719 0.550781 
0.628906 0.871094 0.144531 0.199219 0.238281 0.105469 0.761719 0.0507812 
0.878906 0.121094 0.894531 0.949219 0.488281 0.355469 0.0117188 0.300781 
0.378906 0.621094 0.394531 0.449219 0.988281 0.855469 0.511719 0.800781 
0.253906 0.246094 0.0195312 0.324219 0.863281 0.730469 0.136719 0.425781 
0.753906 0.746094 0.519531 0.824219 0.363281 0.230469 0.636719 0.925781 
0.503906 0.496094 0.269531 0.0742188 0.113281 0.480469 0.386719 0.675781 
0.00390625 0.996094 0.769531 0.574219 0.613281 0.980469 0.886719 0.175781 
0.00585938 0.498047 0.677734 0.294922 0.779297 0.107422 0.365234 0.357422 
0.505859 0.998047 0.177734 0.794922 0.279297 0.607422 0.865234 0.857422 
0.755859 0.248047 0.927734 0.0449219 0.0292969 0.857422 0.115234 0.607422 
0.255859 0.748047 0.427734 0.544922 0.529297 0.357422 0.615234 0.107422 
0.380859 0.123047 0.0527344 0.669922 0.654297 0.232422 0.240234 0.732422 
0.880859 0.623047 0.552734 0.169922 0.154297 0.732422 0.740234 0.232422 
0.630859 0.373047 0.302734 0.919922 0.404297 0.982422 0.490234 0.482422 
0.130859 0.873047 0.802734 0.419922 0.904297 0.482422 0.990234 0.982422 
0.193359 0.185547 0.365234 0.232422 0.341797 0.294922 0.177734 0.669922 
0.693359 0.685547 0.865234 0.732422 0.841797 0.794922 0.677734 0.169922 
0.943359 0.435547 0.115234 0.482422 0.591797 0.544922 0.427734 0.419922 
0.443359 0.935547 0.615234 0.982422 0.0917969 0.0449219 0.927734 0.919922 
0.318359 0.310547 0.990234 0.857422 0.216797 0.419922 0.302734 0.294922 
0.818359 0.810547 0.490234 0.357422 0.716797 0.919922 0.802734 0.794922 
0.568359 0.0605469 0.740234 0.607422 0.966797 0.669922 0.0527344 0.544922 
0.0683594 0.560547 0.240234 0.107422 0.466797 0.169922 0.552734 0.0449219 
0.0996094 0.0292969 0.833984 0.888672 0.560547 0.888672 0.833984 0.513672 
0.599609 0.529297 0.333984 0.388672 0.0605469 0.388672 0.333984 0.0136719 
0.849609 0.279297 0.583984 0.638672 0.310547 0.138672 0.583984 0.263672 
0.349609 0.779297 0.0839844 0.138672 0.810547 0.638672 0.0839844 0.763672 
0.474609 0.404297 0.458984 0.0136719 0.935547 0.763672 0.708984 0.388672 
0.974609 0.904297 0.958984 0.513672 0.435547 0.263672 0.208984 0.888672 
0.724609 0.154297 0.208984 0.263672 0.185547 0.0136719 0.958984 0.638672 
0.224609 0.654297 0.708984 0.763672 0.685547 0.513672 0.458984 0.138672 
0.162109 0.341797 0.146484 0.576172 0.123047 0.701172 0.646484 0.451172 
0.662109 0.841797 0.646484 0.0761719 0.623047 0.201172 0.146484 0.951172 
0.912109 0.0917969 0.396484 0.826172 0.873047 0.451172 0.896484 0.701172 
0.412109 0.591797 0.896484 0.326172 0.373047 0.951172 0.396484 0.201172 
0.287109 0.216797 0.521484 0.451172 0.498047 0.576172 0.771484 0.576172 
0.787109 0.716797 0.0214844 0.951172 0.998047 0.0761719 0.271484 0.0761719 
0.537109 0.466797 0.771484 0.201172 0.748047 0.326172 0.521484 0.326172 
0.0371094 0.966797 0.271484 0.701172 0.248047 0.826172 0.0214844 0.826172 
0.0527344 0.232422 0.0996094 0.779297 0.888672 0.966797 0.568359 0.966797 
0.552734 0.732422 0.599609 0.279297 0.388672 0.466797 0.0683594 0.466797 
0.802734 0.482422 0.349609 0.529297 0.138672 0.216797 0.818359 0.216797 
0.302734 0.982422 0.849609 0.0292969 0.638672 0.716797 0.318359 0.716797 
0.427734 0.357422 0.724609 0.154297 0.513672 0.841797 0.943359 0.0917969 
0.927734 0.857422 0.224609 0.654297 0.0136719 0.341797 0.443359 0.591797 
0.677734 0.107422 0.974609 0.404297 0.263672 0.0917969 0.693359 0.841797 
0.177734 0.607422 0.474609 0.904297 0.763672 0.591797 0.193359 0.341797 
0.240234 0.419922 0.912109 0.716797 0.451172 0.654297 0.880859 0.0292969 
0.740234 0.919922 0.412109 0.216797 0.951172 0.154297 0.380859 0.529297 
0.990234 0.169922 0.662109 0.966797 0.701172 0.404297 0.630859 0.779297 
0.490234 0.669922 0.162109 0.466797 0.201172 0.904297 0.130859 0.279297 
0.365234 0.0449219 0.287109 0.341797 0.0761719 0.529297 0.505859 0.904297 
0.865234 0.544922 0.787109 0.841797 0.576172 0.0292969 0.00585938 0.404297 
0.615234 0.294922 0.0371094 0.0917969 0.826172 0.279297 0.755859 0.154297 
0.115234 0.794922 0.537109 0.591797 0.326172 0.779297 0.255859 0.654297 
0.0839844 0.263672 0.380859 0.435547 0.669922 0.0605469 0.0996094 0.185547 
0.583984 0.763672 0.880859 0.935547 0.169922 0.560547 0.599609 0.685547 
0.833984 0.0136719 0.130859 0.185547 0.419922 0.810547 0.349609 0.935547 
0.333984 0.513672 0.630859 0.685547 0.919922 0.310547 0.849609 0.435547 
0.458984 0.138672 0.755859 0.560547 0.794922 0.185547 0.474609 0.810547 
0.958984 0.638672 0.255859 0.0605469 0.294922 0.685547 0.974609 0.310547 
0.708984 0.388672 0.505859 0.810547 0.0449219 0.935547 0.224609 0.0605469 
0.208984 0.888672 0.00585938 0.310547 0.544922 0.435547 0.724609 0.560547 
0.146484 0.0761719 0.568359 0.123047 0.232422 0.373047 0.412109 0.873047 
0.646484 0.576172 0.0683594 0.623047 0.732422 0.873047 0.912109 0.373047 
0.896484 0.326172 0.818359 0.373047 0.982422 0.623047 0.162109 0.123047 
0.396484 0.826172 0.318359 0.873047 0.482422 0.123047 0.662109 0.623047 
0.271484 0.451172 0.193359 0.998047 0.357422 0.498047 0.0371094 0.248047 
0.771484 0.951172 0.693359 0.498047 0.857422 0.998047 0.537109 0.748047 
0.521484 0.201172 0.443359 0.748047 0.607422 0.748047 0.287109 0.998047 
0.0214844 0.701172 0.943359 0.248047 0.107422 0.248047 0.787109 0.498047 
0.0292969 0.0996094 0.498047 0.615234 0.380859 0.412109 0.966797 0.427734 
0.529297 0.599609 0.998047 0.115234 0.880859 0.912109 0.466797 0.927734 
0.779297 0.349609 0.248047 0.865234 0.630859 0.662109 0.716797 0.677734 
0.279297 0.849609 0.748047 0.365234 0.130859 0.162109 0.216797 0.177734 
0.404297 0.474609 0.873047 0.490234 0.00585938 0.287109 0.591797 0.552734 
0.904297 0.974609 0.373047 0.990234 0.505859 0.787109 0.0917969 0.0527344 
0.654297 0.224609 0.623047 0.240234 0.755859 0.537109 0.841797 0.302734 
0.154297 0.724609 0.123047 0.740234 0.255859 0.0371094 0.341797 0.802734 
0.216797 0.287109 0.560547 0.927734 0.943359 0.224609 0.529297 0.615234 
0.716797 0.787109 0.0605469 0.427734 0.443359 0.724609 0.0292969 0.115234 
0.966797 0.0371094 0.810547 0.677734 0.193359 0.974609 0.779297 0.365234 
0.466797 0.537109 0.310547 0.177734 0.693359 0.474609 0.279297 0.865234 
0.341797 0.162109 0.185547 0.0527344 0.568359 0.0996094 0.904297 0.490234 
0.841797 0.662109 0.685547 0.552734 0.0683594 0.599609 0.404297 0.990234 
0.591797 0.412109 0.435547 0.302734 0.318359 0.849609 0.654297 0.740234 
0.0917969 0.912109 0.935547 0.802734 0.818359 0.349609 0.154297 0.240234 
0.123047 0.380859 0.0292969 0.208984 0.162109 0.568359 0.498047 0.708984 
0.623047 0.880859 0.529297 0.708984 0.662109 0.0683594 0.998047 0.208984 
0.873047 0.130859 0.279297 0.458984 0.912109 0.318359 0.248047 0.458984 
0.373047 0.630859 0.779297 0.958984 0.412109 0.818359 0.748047 0.958984 
0.498047 0.00585938 0.654297 0.833984 0.287109 0.693359 0.123047 0.333984 
0.998047 0.505859 0.154297 0.333984 0.787109 0.193359 0.623047 0.833984 
0.748047 0.255859 0.904297 0.583984 0.537109 0.443359 0.373047 0.583984 
0.248047 0.755859 0.404297 0.0839844 0.0371094 0.943359 0.873047 0.0839844 
0.185547 0.193359 0.966797 0.271484 0.724609 0.755859 0.0605469 0.271484 
0.685547 0.693359 0.466797 0.771484 0.224609 0.255859 0.560547 0.771484 
0.935547 0.443359 0.716797 0.0214844 0.474609 0.00585938 0.310547 0.521484 
0.435547 0.943359 0.216797 0.521484 0.974609 0.505859 0.810547 0.0214844 
0.310547 0.318359 0.341797 0.646484 0.849609 0.880859 0.435547 0.646484 
0.810547 0.818359 0.841797 0.146484 0.349609 0.380859 0.935547 0.146484 
0.560547 0.0683594 0.0917969 0.896484 0.0996094 0.130859 0.185547 0.396484 
0.0605469 0.568359 0.591797 0.396484 0.599609 0.630859 0.685547 0.896484 
0.0449219 0.365234 0.794922 0.0683594 0.271484 0.521484 0.232422 0.755859 
0.544922 0.865234 0.294922 0.568359 0.771484 0.0214844 0.732422 0.255859 
0.794922 0.115234 0.544922 0.318359 0.521484 0.271484 0.482422 0.00585938 
0.294922 0.615234 0.0449219 0.818359 0.0214844 0.771484 0.982422 0.505859 
0.419922 0.240234 0.419922 0.943359 0.146484 0.646484 0.357422 0.130859 
0.919922 0.740234 0.919922 0.443359 0.646484 0.146484 0.857422 0.630859 
0.669922 0.490234 0.169922 0.693359 0.896484 0.396484 0.107422 0.880859 
0.169922 0.990234 0.669922 0.193359 0.396484 0.896484 0.607422 0.380859 
0.232422 0.0527344 0.232422 0.380859 0.833984 0.833984 0.294922 0.193359 
0.732422 0.552734 0.732422 0.880859 0.333984 0.333984 0.794922 0.693359 
0.982422 0.302734 0.482422 0.130859 0.0839844 0.0839844 0.0449219 0.943359 
0.482422 0.802734 0.982422 0.630859 0.583984 0.583984 0.544922 0.443359 
0.357422 0.427734 0.607422 0.505859 0.708984 0.958984 0.169922 0.818359 
0.857422 0.927734 0.107422 0.00585938 0.208984 0.458984 0.669922 0.318359 
0.607422 0.177734 0.857422 0.755859 0.458984 0.208984 0.419922 0.0683594 
0.107422 0.677734 0.357422 0.255859 0.958984 0.708984 0.919922 0.568359 
0.0761719 0.146484 0.701172 0.724609 0.0527344 0.490234 0.701172 0.0996094 
0.576172 0.646484 0.201172 0.224609 0.552734 0.990234 0.201172 0.599609 
0.826172 0.396484 0.951172 0.974609 0.802734 0.740234 0.951172 0.849609 
0.326172 0.896484 0.451172 0.474609 0.302734 0.240234 0.451172 0.349609 
0.451172 0.271484 0.0761719 0.349609 0.427734 0.365234 0.826172 0.974609 
0.951172 0.771484 0.576172 0.849609 0.927734 0.865234 0.326172 0.474609 
0.701172 0.0214844 0.326172 0.0996094 0.677734 0.615234 0.576172 0.224609 
0.201172 0.521484 0.826172 0.599609 0.177734 0.115234 0.0761719 0.724609 
0.138672 0.458984 0.263672 0.787109 0.615234 0.177734 0.763672 0.912109 
0.638672 0.958984 0.763672 0.287109 0.115234 0.677734 0.263672 0.412109 
0.888672 0.208984 0.0136719 0.537109 0.365234 0.927734 0.513672 0.162109 
0.388672 0.708984 0.513672 0.0371094 0.865234 0.427734 0.0136719 0.662109 
0.263672 0.0839844 0.888672 0.162109 0.990234 0.0527344 0.638672 0.0371094 
0.763672 0.583984 0.388672 0.662109 0.490234 0.552734 0.138672 0.537109 
0.513672 0.333984 0.638672 0.412109 0.240234 0.802734 0.888672 0.787109 
0.0136719 0.833984 0.138672 0.912109 0.740234 0.302734 0.388672 0.287109 
0.00976562 0.166016 0.900391 0.478516 0.126953 0.712891 0.501953 0.392578 
0.509766 0.666016 0.400391 0.978516 0.626953 0.212891 0.00195312 0.892578 
0.759766 0.416016 0.650391 0.228516 0.876953 0.462891 0.751953 0.642578 
0.259766 0.916016 0.150391 0.728516 0.376953 0.962891 0.251953 0.142578 
0.384766 0.291016 0.275391 0.603516 0.251953 0.587891 0.876953 0.517578 
0.884766 0.791016 0.775391 0.103516 0.751953 0.0878906 0.376953 0.0175781 
0.634766 0.0410156 0.0253906 0.853516 0.501953 0.337891 0.626953 0.267578 
0.134766 0.541016 0.525391 0.353516 0.00195312 0.837891 0.126953 0.767578 
0.197266 0.478516 0.0878906 0.0410156 0.689453 0.900391 0.939453 0.580078 
0.697266 0.978516 0.587891 0.541016 0.189453 0.400391 0.439453 0.0800781 
0.947266 0.228516 0.337891 0.291016 0.439453 0.150391 0.689453 0.330078 
0.447266 0.728516 0.837891 0.791016 0.939453 0.650391 0.189453 0.830078 
0.322266 0.103516 0.712891 0.916016 0.814453 0.775391 0.564453 0.455078 
0.822266 0.603516 0.212891 0.416016 0.314453 0.275391 0.0644531 0.955078 
0.572266 0.353516 0.962891 0.666016 0.0644531 0.0253906 0.814453 0.705078 
0.0722656 0.853516 0.462891 0.166016 0.564453 0.525391 0.314453 0.205078 
0.103516 0.322266 0.619141 0.822266 0.408203 0.306641 0.0332031 0.736328 
0.603516 0.822266 0.119141 0.322266 0.908203 0.806641 0.533203 0.236328 
0.853516 0.0722656 0.869141 0.572266 0.658203 0.556641 0.283203 0.486328 
0.353516 0.572266 0.369141 0.0722656 0.158203 0.0566406 0.783203 0.986328 
0.478516 0.197266 0.244141 0.197266 0.0332031 0.431641 0.408203 0.361328 
0.978516 0.697266 0.744141 0.697266 0.533203 0.931641 0.908203 0.861328 
0.728516 0.447266 0.494141 0.447266 0.783203 0.681641 0.158203 0.611328 
0.228516 0.947266 0.994141 0.947266 0.283203 0.181641 0.658203 0.111328 
0.166016 0.00976562 0.431641 0.634766 0.970703 0.119141 0.470703 0.298828 
0.666016 0.509766 0.931641 0.134766 0.470703 0.619141 0.970703 0.798828 
0.916016 0.259766 0.181641 0.884766 0.220703 0.869141 0.220703 0.548828 
0.416016 0.759766 0.681641 0.384766 0.720703 0.369141 0.720703 0.0488281 
0.291016 0.384766 0.806641 0.259766 0.595703 0.244141 0.0957031 0.673828 
0.791016 0.884766 0.306641 0.759766 0.0957031 0.744141 0.595703 0.173828 
0.541016 0.134766 0.556641 0.00976562 0.345703 0.994141 0.345703 0.423828 
0.0410156 0.634766 0.0566406 0.509766 0.845703 0.494141 0.845703 0.923828 
0.0566406 0.431641 0.322266 0.962891 0.0175781 0.353516 0.298828 0.783203 
0.556641 0.931641 0.822266 0.462891 0.517578 0.853516 0.798828 0.283203 
0.806641 0.181641 0.0722656 0.712891 0.767578 0.603516 0.0488281 0.0332031 
0.306641 0.681641 0.572266 0.212891 0.267578 0.103516 0.548828 0.533203 
0.431641 0.0566406 0.947266 0.0878906 0.392578 0.478516 0.173828 0.158203 
0.931641 0.556641 0.447266 0.587891 0.892578 0.978516 0.673828 0.658203 
0.681641 0.306641 0.697266 0.337891 0.642578 0.728516 0.423828 0.908203 
0.181641 0.806641 0.197266 0.837891 0.142578 0.228516 0.923828 0.408203 
0.244141 0.244141 0.634766 0.525391 0.580078 0.0410156 0.236328 0.220703 
0.744141 0.744141 0.134766 0.0253906 0.0800781 0.541016 0.736328 0.720703 
0.994141 0.494141 0.884766 0.775391 0.330078 0.791016 0.486328 0.970703 
0.494141 0.994141 0.384766 0.275391 0.830078 0.291016 0.986328 0.470703 
0.369141 0.369141 0.00976562 0.400391 0.955078 0.166016 0.361328 0.845703 
0.869141 0.869141 0.509766 0.900391 0.455078 0.666016 0.861328 0.345703 
0.619141 0.119141 0.259766 0.150391 0.205078 0.916016 0.111328 0.0957031 
0.119141 0.619141 0.759766 0.650391 0.705078 0.416016 0.611328 0.595703 
0.0878906 0.0878906 0.166016 0.369141 0.298828 0.634766 0.767578 0.0644531 
0.587891 0.587891 0.666016 0.869141 0.798828 0.134766 0.267578 0.564453 
0.837891 0.337891 0.416016 0.119141 0.548828 0.384766 0.517578 0.814453 
0.337891 0.837891 0.916016 0.619141 0.0488281 0.884766 0.0175781 0.314453 
0.462891 0.462891 0.541016 0.744141 0.173828 0.509766 0.642578 0.939453 
0.962891 0.962891 0.0410156 0.244141 0.673828 0.00976562 0.142578 0.439453 
0.712891 0.212891 0.791016 0.994141 0.923828 0.259766 0.892578 0.189453 
0.212891 0.712891 0.291016 0.494141 0.423828 0.759766 0.392578 0.689453 
0.150391 0.275391 0.853516 0.181641 0.861328 0.947266 0.705078 0.876953 
0.650391 0.775391 0.353516 0.681641 0.361328 0.447266 0.205078 0.376953 
0.900391 0.0253906 0.603516 0.431641 0.111328 0.197266 0.955078 0.126953 
0.400391 0.525391 0.103516 0.931641 0.611328 0.697266 0.455078 0.626953 
0.275391 0.150391 0.478516 0.806641 0.736328 0.822266 0.830078 0.00195312 
0.775391 0.650391 0.978516 0.306641 0.236328 0.322266 0.330078 0.501953 
0.525391 0.400391 0.228516 0.556641 0.486328 0.0722656 0.580078 0.751953 
0.0253906 0.900391 0.728516 0.0566406 0.986328 0.572266 0.0800781 0.251953 
0.0175781 0.298828 0.205078 0.673828 0.525391 0.767578 0.166016 0.322266 
0.517578 0.798828 0.705078 0.173828 0.0253906 0.267578 0.666016 0.822266 
0.767578 0.0488281 0.455078 0.923828 0.275391 0.0175781 0.416016 0.572266 
0.267578 0.548828 0.955078 0.423828 0.775391 0.517578 0.916016 0.0722656 
0.392578 0.173828 0.580078 0.298828 0.900391 0.892578 0.291016 0.697266 
0.892578 0.673828 0.0800781 0.798828 0.400391 0.392578 0.791016 0.197266 
0.642578 0.423828 0.830078 0.0488281 0.150391 0.142578 0.0410156 0.447266 
0.142578 0.923828 0.330078 0.548828 0.650391 0.642578 0.541016 0.947266 
0.205078 0.111328 0.767578 0.861328 0.0878906 0.580078 0.353516 0.634766 
0.705078 0.611328 0.267578 0.361328 0.587891 0.0800781 0.853516 0.134766 
0.955078 0.361328 0.517578 0.611328 0.837891 0.330078 0.103516 0.384766 
0.455078 0.861328 0.0175781 0.111328 0.337891 0.830078 0.603516 0.884766 
0.330078 0.486328 0.392578 0.236328 0.462891 0.705078 0.228516 0.259766 
0.830078 0.986328 0.892578 0.736328 0.962891 0.205078 0.728516 0.759766 
0.580078 0.236328 0.142578 0.486328 0.712891 0.455078 0.478516 0.509766 
0.0800781 0.736328 0.642578 0.986328 0.212891 0.955078 0.978516 0.00976562 
0.111328 0.205078 0.298828 0.0175781 0.806641 0.236328 0.634766 0.541016 
0.611328 0.705078 0.798828 0.517578 0.306641 0.736328 0.134766 0.0410156 
0.861328 0.455078 0.0488281 0.267578 0.0566406 0.986328 0.884766 0.291016 
0.361328 0.955078 0.548828 0.767578 0.556641 0.486328 0.384766 0.791016 
0.486328 0.330078 0.923828 0.892578 0.681641 0.111328 0.759766 0.416016 
0.986328 0.830078 0.423828 0.392578 0.181641 0.611328 0.259766 0.916016 
0.736328 0.0800781 0.673828 0.642578 0.431641 0.861328 0.509766 0.666016 
0.236328 0.580078 0.173828 0.142578 0.931641 0.361328 0.00976562 0.166016 
0.173828 0.392578 0.736328 0.455078 0.369141 0.423828 0.822266 0.478516 
0.673828 0.892578 0.236328 0.955078 0.869141 0.923828 0.322266 0.978516 
0.923828 0.142578 0.986328 0.205078 0.619141 0.673828 0.572266 0.728516 
0.423828 0.642578 0.486328 0.705078 0.119141 0.173828 0.0722656 0.228516 
0.298828 0.0175781 0.111328 0.580078 0.244141 0.298828 0.697266 0.603516 
0.798828 0.517578 0.611328 0.0800781 0.744141 0.798828 0.197266 0.103516 
0.548828 0.267578 0.361328 0.830078 0.994141 0.548828 0.947266 0.353516 
0.0488281 0.767578 0.861328 0.330078 0.494141 0.0488281 0.447266 0.853516 
0.0332031 0.0332031 0.501953 0.126953 0.634766 0.158203 0.900391 0.994141 
0.533203 0.533203 0.00195312 0.626953 0.134766 0.658203 0.400391 0.494141 
0.783203 0.283203 0.751953 0.376953 0.384766 0.908203 0.650391 0.244141 
0.283203 0.783203 0.251953 0.876953 0.884766 0.408203 0.150391 0.744141 
0.408203 0.408203 0.126953 0.751953 0.759766 0.0332031 0.525391 0.119141 
0.908203 0.908203 0.626953 0.251953 0.259766 0.533203 0.0253906 0.619141 
0.658203 0.158203 0.376953 0.501953 0.00976562 0.783203 0.775391 0.869141 
0.158203 0.658203 0.876953 0.00195312 0.509766 0.283203 0.275391 0.369141 
0.220703 0.345703 0.439453 0.314453 0.197266 0.470703 0.587891 0.0566406 
0.720703 0.845703 0.939453 0.814453 0.697266 0.970703 0.0878906 0.556641 
0.970703 0.0957031 0.189453 0.0644531 0.947266 0.720703 0.837891 0.806641 
0.470703 0.595703 0.689453 0.564453 0.447266 0.220703 0.337891 0.306641 
0.345703 0.220703 0.814453 0.689453 0.322266 0.345703 0.962891 0.931641 
0.845703 0.720703 0.314453 0.189453 0.822266 0.845703 0.462891 0.431641 
0.595703 0.470703 0.564453 0.939453 0.572266 0.595703 0.712891 0.181641 
0.0957031 0.970703 0.0644531 0.439453 0.0722656 0.0957031 0.212891 0.681641 
0.0644531 0.439453 0.970703 0.533203 0.916016 0.814453 0.431641 0.150391 
0.564453 0.939453 0.470703 0.0332031 0.416016 0.314453 0.931641 0.650391 
0.814453 0.189453 0.720703 0.783203 0.166016 0.0644531 0.181641 0.900391 
0.314453 0.689453 0.220703 0.283203 0.666016 0.564453 0.681641 0.400391 
0.439453 0.0644531 0.345703 0.408203 0.541016 0.939453 0.0566406 0.775391 
0.939453 0.564453 0.845703 0.908203 0.0410156 0.439453 0.556641 0.275391 
0.689453 0.314453 0.0957031 0.158203 0.291016 0.189453 0.306641 0.0253906 
0.189453 0.814453 0.595703 0.658203 0.791016 0.689453 0.806641 0.525391 
0.126953 0.126953 0.0332031 0.970703 0.478516 0.501953 0.119141 0.837891 
0.626953 0.626953 0.533203 0.470703 0.978516 0.00195312 0.619141 0.337891 
0.876953 0.376953 0.283203 0.720703 0.728516 0.251953 0.369141 0.0878906 
0.376953 0.876953 0.783203 0.220703 0.228516 0.751953 0.869141 0.587891 
0.251953 0.251953 0.658203 0.0957031 0.103516 0.626953 0.494141 0.212891 
0.751953 0.751953 0.158203 0.595703 0.603516 0.126953 0.994141 0.712891 
0.501953 0.00195312 0.908203 0.345703 0.853516 0.376953 0.244141 0.962891 
0.00195312 0.501953 0.408203 0.845703 0.353516 0.876953 0.744141 0.462891 
0.00292969 0.250977 0.954102 0.991211 0.458008 0.56543 0.614258 0.90918 
0.50293 0.750977 0.454102 0.491211 0.958008 0.0654297 0.114258 0.40918 
0.75293 0.000976562 0.704102 0.741211 0.708008 0.31543 0.864258 0.15918 
0.25293 0.500977 0.204102 0.241211 0.208008 0.81543 0.364258 0.65918 
0.37793 0.125977 0.329102 0.116211 0.0830078 0.69043 0.989258 0.0341797 
0.87793 0.625977 0.829102 0.616211 0.583008 0.19043 0.489258 0.53418 
0.62793 0.375977 0.0791016 0.366211 0.833008 0.44043 0.739258 0.78418 
0.12793 0.875977 0.579102 0.866211 0.333008 0.94043 0.239258 0.28418 
0.19043 0.0634766 0.0166016 0.553711 0.895508 0.75293 0.926758 0.0966797 
0.69043 0.563477 0.516602 0.0537109 0.395508 0.25293 0.426758 0.59668 
0.94043 0.313477 0.266602 0.803711 0.145508 0.00292969 0.676758 0.84668 
0.44043 0.813477 0.766602 0.303711 0.645508 0.50293 0.176758 0.34668 
0.31543 0.438477 0.641602 0.428711 0.520508 0.87793 0.551758 0.97168 
0.81543 0.938477 0.141602 0.928711 0.0205078 0.37793 0.0517578 0.47168 
0.56543 0.188477 0.891602 0.178711 0.270508 0.12793 0.801758 0.22168 
0.0654297 0.688477 0.391602 0.678711 0.770508 0.62793 0.301758 0.72168 
0.0966797 0.219727 0.547852 0.334961 0.239258 0.40918 0.0830078 0.19043 
0.59668 0.719727 0.0478516 0.834961 0.739258 0.90918 0.583008 0.69043 
0.84668 0.469727 0.797852 0.0849609 0.989258 0.65918 0.333008 0.94043 
0.34668 0.969727 0.297852 0.584961 0.489258 0.15918 0.833008 0.44043 
0.47168 0.344727 0.172852 0.709961 0.364258 0.28418 0.458008 0.81543 
0.97168 0.844727 0.672852 0.209961 0.864258 0.78418 0.958008 0.31543 
0.72168 0.0947266 0.422852 0.959961 0.614258 0.53418 0.208008 0.0654297 
0.22168 0.594727 0.922852 0.459961 0.114258 0.0341797 0.708008 0.56543 
0.15918 0.407227 0.485352 0.147461 0.676758 0.22168 0.395508 0.75293 
0.65918 0.907227 0.985352 0.647461 0.176758 0.72168 0.895508 0.25293 
0.90918 0.157227 0.235352 0.397461 0.426758 0.97168 0.145508 0.00292969 
0.40918 0.657227 0.735352 0.897461 0.926758 0.47168 0.645508 0.50293 
0.28418 0.0322266 0.860352 0.772461 0.801758 0.0966797 0.0205078 0.12793 
0.78418 0.532227 0.360352 0.272461 0.301758 0.59668 0.520508 0.62793 
0.53418 0.282227 0.610352 0.522461 0.0517578 0.84668 0.270508 0.87793 
0.0341797 0.782227 0.110352 0.0224609 0.551758 0.34668 0.770508 0.37793 
0.0498047 0.0166016 0.250977 0.444336 0.317383 0.487305 0.317383 0.268555 
0.549805 0.516602 0.750977 0.944336 0.817383 0.987305 0.817383 0.768555 
0.799805 0.266602 0.000976562 0.194336 0.567383 0.737305 0.0673828 0.518555 
0.299805 0.766602 0.500977 0.694336 0.0673828 0.237305 0.567383 0.0185547 
0.424805 0.391602 0.875977 0.569336 0.192383 0.362305 0.192383 0.643555 
0.924805 0.891602 0.375977 0.0693359 0.692383 0.862305 0.692383 0.143555 
0.674805 0.141602 0.625977 0.819336 0.942383 0.612305 0.442383 0.393555 
0.174805 0.641602 0.125977 0.319336 0.442383 0.112305 0.942383 0.893555 
0.237305 0.329102 0.688477 0.00683594 0.754883 0.174805 0.129883 0.706055 
0.737305 0.829102 0.188477 0.506836 0.254883 0.674805 0.629883 0.206055 
0.987305 0.0791016 0.938477 0.256836 0.00488281 0.924805 0.379883 0.456055 
0.487305 0.579102 0.438477 0.756836 0.504883 0.424805 0.879883 0.956055 
0.362305 0.204102 0.0634766 0.881836 0.629883 0.0498047 0.254883 0.331055 
0.862305 0.704102 0.563477 0.381836 0.129883 0.549805 0.754883 0.831055 
0.612305 0.454102 0.313477 0.631836 0.379883 0.799805 0.00488281 0.581055 
0.112305 0.954102 0.813477 0.131836 0.879883 0.299805 0.504883 0.0810547 
0.0810547 0.485352 0.219727 0.850586 0.0986328 0.518555 0.848633 0.612305 
0.581055 0.985352 0.719727 0.350586 0.598633 0.0185547 0.348633 0.112305 
0.831055 0.235352 0.469727 0.600586 0.848633 0.268555 0.598633 0.362305 
0.331055 0.735352 0.969727 0.100586 0.348633 0.768555 0.0986328 0.862305 
0.456055 0.110352 0.594727 0.225586 0.473633 0.643555 0.723633 0.487305 
0.956055 0.610352 0.0947266 0.725586 0.973633 0.143555 0.223633 0.987305 
0.706055 0.360352 0.844727 0.475586 0.723633 0.393555 0.973633 0.737305 
0.206055 0.860352 0.344727 0.975586 0.223633 0.893555 0.473633 0.237305 
0.143555 0.172852 0.782227 0.663086 0.536133 0.831055 0.661133 0.424805 
0.643555 0.672852 0.282227 0.163086 0.0361328 0.331055 0.161133 0.924805 
0.893555 0.422852 0.532227 0.913086 0.286133 0.0810547 0.911133 0.674805 
0.393555 0.922852 0.0322266 0.413086 0.786133 0.581055 0.411133 0.174805 
0.268555 0.297852 0.407227 0.288086 0.911133 0.956055 0.786133 0.549805 
0.768555 0.797852 0.907227 0.788086 0.411133 0.456055 0.286133 0.0498047 
0.518555 0.0478516 0.157227 0.0380859 0.161133 0.206055 0.536133 0.299805 
0.0185547 0.547852 0.657227 0.538086 0.661133 0.706055 0.0361328 0.799805 
0.0263672 0.149414 0.149414 0.170898 0.825195 0.885742 0.21582 0.870117 
0.526367 0.649414 0.649414 0.670898 0.325195 0.385742 0.71582 0.370117 
0.776367 0.399414 0.399414 0.420898 0.0751953 0.135742 0.46582 0.120117 
0.276367 0.899414 0.899414 0.920898 0.575195 0.635742 0.96582 0.620117 
0.401367 0.274414 0.524414 0.795898 0.700195 0.760742 0.34082 0.245117 
0.901367 0.774414 0.0244141 0.295898 0.200195 0.260742 0.84082 0.745117 
0.651367 0.0244141 0.774414 0.545898 0.450195 0.0107422 0.0908203 0.995117 
0.151367 0.524414 0.274414 0.0458984 0.950195 0.510742 0.59082 0.495117 
0.213867 0.461914 0.836914 0.358398 0.262695 0.698242 0.27832 0.182617 
0.713867 0.961914 0.336914 0.858398 0.762695 0.198242 0.77832 0.682617 
0.963867 0.211914 0.586914 0.108398 0.512695 0.448242 0.0283203 0.932617 
0.463867 0.711914 0.0869141 0.608398 0.0126953 0.948242 0.52832 0.432617 
0.338867 0.0869141 0.461914 0.733398 0.137695 0.573242 0.15332 0.807617 
0.838867 0.586914 0.961914 0.233398 0.637695 0.0732422 0.65332 0.307617 
0.588867 0.336914 0.211914 0.983398 0.887695 0.323242 0.40332 0.0576172 
0.0888672 0.836914 0.711914 0.483398 0.387695 0.823242 0.90332 0.557617 
0.120117 0.368164 0.368164 0.514648 0.606445 0.104492 0.74707 0.0263672 
0.620117 0.868164 0.868164 0.0146484 0.106445 0.604492 0.24707 0.526367 
0.870117 0.118164 0.118164 0.764648 0.356445 0.854492 0.99707 0.776367 
0.370117 0.618164 0.618164 0.264648 0.856445 0.354492 0.49707 0.276367 
0.495117 0.243164 0.993164 0.389648 0.981445 0.229492 0.87207 0.901367 
0.995117 0.743164 0.493164 0.889648 0.481445 0.729492 0.37207 0.401367 
0.745117 0.493164 0.743164 0.139648 0.231445 0.979492 0.62207 0.151367 
0.245117 0.993164 0.243164 0.639648 0.731445 0.479492 0.12207 0.651367 
0.182617 0.0556641 0.680664 0.952148 0.0439453 0.291992 0.80957 0.963867 
0.682617 0.555664 0.180664 0.452148 0.543945 0.791992 0.30957 0.463867 
0.932617 0.305664 0.930664 0.702148 0.793945 0.541992 0.55957 0.213867 
0.432617 0.805664 0.430664 0.202148 0.293945 0.0419922 0.0595703 0.713867 
0.307617 0.430664 0.0556641 0.0771484 0.418945 0.416992 0.68457 0.0888672 
0.807617 0.930664 0.555664 0.577148 0.918945 0.916992 0.18457 0.588867 
0.557617 0.180664 0.305664 0.327148 0.668945 0.666992 0.93457 0.838867 
0.0576172 0.680664 0.805664 0.827148 0.168945 0.166992 0.43457 0.338867 
0.0419922 0.383789 0.571289 0.655273 0.96582 0.0576172 0.981445 0.448242 
0.541992 0.883789 0.0712891 0.155273 0.46582 0.557617 0.481445 0.948242 
0.791992 0.133789 0.821289 0.905273 0.21582 0.807617 0.731445 0.698242 
0.291992 0.633789 0.321289 0.405273 0.71582 0.307617 0.231445 0.198242 
0.416992 0.00878906 0.196289 0.280273 0.59082 0.182617 0.606445 0.573242 
0.916992 0.508789 0.696289 0.780273 0.0908203 0.682617 0.106445 0.0732422 
0.666992 0.258789 0.446289 0.0302734 0.34082 0.932617 0.856445 0.323242 
0.166992 0.758789 0.946289 0.530273 0.84082 0.432617 0.356445 0.823242 
0.229492 0.196289 0.383789 0.842773 0.40332 0.370117 0.543945 0.510742 
0.729492 0.696289 0.883789 0.342773 0.90332 0.870117 0.0439453 0.0107422 
0.979492 0.446289 0.133789 0.592773 0.65332 0.620117 0.793945 0.260742 
0.479492 0.946289 0.633789 0.0927734 0.15332 0.120117 0.293945 0.760742 
0.354492 0.321289 0.758789 0.217773 0.0283203 0.495117 0.918945 0.385742 
0.854492 0.821289 0.258789 0.717773 0.52832 0.995117 0.418945 0.885742 
0.604492 0.0712891 0.508789 0.467773 0.77832 0.745117 0.668945 0.635742 
0.104492 0.571289 0.00878906 0.967773 0.27832 0.245117 0.168945 0.135742 
0.0732422 0.102539 0.915039 0.0615234 0.74707 0.963867 0.450195 0.666992 
0.573242 0.602539 0.415039 0.561523 0.24707 0.463867 0.950195 0.166992 
0.823242 0.352539 0.665039 0.311523 0.49707 0.213867 0.200195 0.416992 
0.323242 0.852539 0.165039 0.811523 0.99707 0.713867 0.700195 0.916992 
0.448242 0.477539 0.290039 0.936523 0.87207 0.838867 0.0751953 0.291992 
0.948242 0.977539 0.790039 0.436523 0.37207 0.338867 0.575195 0.791992 
0.698242 0.227539 0.0400391 0.686523 0.12207 0.0888672 0.325195 0.541992 
0.198242 0.727539 0.540039 0.186523 0.62207 0.588867 0.825195 0.0419922 
0.135742 0.290039 0.102539 0.499023 0.18457 0.651367 0.0126953 0.354492 
0.635742 0.790039 0.602539 0.999023 0.68457 0.151367 0.512695 0.854492 
0.885742 0.0400391 0.352539 0.249023 0.93457 0.401367 0.262695 0.604492 
0.385742 0.540039 0.852539 0.749023 0.43457 0.901367 0.762695 0.104492 
0.260742 0.165039 0.727539 0.624023 0.30957 0.526367 0.387695 0.729492 
0.760742 0.665039 0.227539 0.124023 0.80957 0.0263672 0.887695 0.229492 
0.510742 0.415039 0.977539 0.874023 0.55957 0.276367 0.137695 0.479492 
0.0107422 0.915039 0.477539 0.374023 0.0595703 0.776367 0.637695 0.979492 
0.0146484 0.0830078 0.74707 0.799805 0.571289 0.241211 0.250977 0.842773 
0.514648 0.583008 0.24707 0.299805 0.0712891 0.741211 0.750977 0.342773 
0.764648 0.333008 0.99707 0.549805 0.321289 0.991211 0.000976562 0.0927734 
0.264648 0.833008 0.49707 0.0498047 0.821289 0.491211 0.500977 0.592773 
0.389648 0.458008 0.12207 0.174805 0.946289 0.116211 0.125977 0.217773 
0.889648 0.958008 0.62207 0.674805 0.446289 0.616211 0.625977 0.717773 
0.639648 0.208008 0.37207 0.424805 0.196289 0.866211 0.375977 0.967773 
0.139648 0.708008 0.87207 0.924805 0.696289 0.366211 0.875977 0.467773 
0.202148 0.270508 0.30957 0.737305 0.00878906 0.428711 0.188477 0.155273 
0.702148 0.770508 0.80957 0.237305 0.508789 0.928711 0.688477 0.655273 
0.952148 0.0205078 0.0595703 0.987305 0.758789 0.678711 0.438477 0.905273 
0.452148 0.520508 0.55957 0.487305 0.258789 0.178711 0.938477 0.405273 
0.327148 0.145508 0.93457 0.362305 0.383789 0.303711 0.313477 0.780273 
0.827148 0.645508 0.43457 0.862305 0.883789 0.803711 0.813477 0.280273 
0.577148 0.395508 0.68457 0.112305 0.633789 0.553711 0.0634766 0.0302734 
0.0771484 0.895508 0.18457 0.612305 0.133789 0.0537109 0.563477 0.530273 
0.108398 0.426758 0.77832 0.393555 0.852539 0.772461 0.782227 0.0615234 
0.608398 0.926758 0.27832 0.893555 0.352539 0.272461 0.282227 0.561523 
0.858398 0.176758 0.52832 0.143555 0.102539 0.0224609 0.532227 0.811523 
0.358398 0.676758 0.0283203 0.643555 0.602539 0.522461 0.0322266 0.311523 
0.483398 0.0517578 0.40332 0.518555 0.727539 0.897461 0.657227 0.936523 
0.983398 0.551758 0.90332 0.0185547 0.227539 0.397461 0.157227 0.436523 
0.733398 0.301758 0.15332 0.768555 0.477539 0.147461 0.907227 0.186523 
0.233398 0.801758 0.65332 0.268555 0.977539 0.647461 0.407227 0.686523 
0.170898 0.239258 0.21582 0.0810547 0.290039 0.584961 0.719727 0.999023 
0.670898 0.739258 0.71582 0.581055 0.790039 0.0849609 0.219727 0.499023 
0.920898 0.489258 0.46582 0.331055 0.540039 0.334961 0.969727 0.249023 
0.420898 0.989258 0.96582 0.831055 0.0400391 0.834961 0.469727 0.749023 
0.295898 0.364258 0.59082 0.956055 0.165039 0.709961 0.844727 0.124023 
0.795898 0.864258 0.0908203 0.456055 0.665039 0.209961 0.344727 0.624023 
0.545898 0.114258 0.84082 0.706055 0.915039 0.459961 0.594727 0.874023 
0.0458984 0.614258 0.34082 0.206055 0.415039 0.959961 0.0947266 0.374023 
0.0615234 0.317383 0.0439453 0.25293 0.711914 0.819336 0.547852 0.483398 
0.561523 0.817383 0.543945 0.75293 0.211914 0.319336 0.0478516 0.983398 
0.811523 0.0673828 0.293945 0.00292969 0.461914 0.0693359 0.797852 0.733398 
0.311523 0.567383 0.793945 0.50293 0.961914 0.569336 0.297852 0.233398 
0.436523 0.192383 0.668945 0.62793 0.836914 0.944336 0.922852 0.608398 
0.936523 0.692383 0.168945 0.12793 0.336914 0.444336 0.422852 0.108398 
0.686523 0.442383 0.918945 0.87793 0.0869141 0.194336 0.672852 0.358398 
0.186523 0.942383 0.418945 0.37793 0.586914 0.694336 0.172852 0.858398 
0.249023 0.00488281 0.981445 0.19043 0.149414 0.506836 0.985352 0.545898 
0.749023 0.504883 0.481445 0.69043 0.649414 0.00683594 0.485352 0.0458984 
0.999023 0.254883 0.731445 0.44043 0.899414 0.256836 0.735352 0.295898 
0.499023 0.754883 0.231445 0.94043 0.399414 0.756836 0.235352 0.795898 
0.374023 0.379883 0.356445 0.81543 0.274414 0.631836 0.610352 0.420898 
0.874023 0.879883 0.856445 0.31543 0.774414 0.131836 0.110352 0.920898 
0.624023 0.129883 0.106445 0.56543 0.524414 0.381836 0.860352 0.670898 
0.124023 0.629883 0.606445 0.0654297 0.0244141 0.881836 0.360352 0.170898 
0.0927734 0.161133 0.450195 0.90918 0.993164 0.163086 0.0166016 0.639648 
0.592773 0.661133 0.950195 0.40918 0.493164 0.663086 0.516602 0.139648 
0.842773 0.411133 0.200195 0.65918 0.243164 0.913086 0.266602 0.389648 
0.342773 0.911133 0.700195 0.15918 0.743164 0.413086 0.766602 0.889648 
0.467773 0.286133 0.825195 0.0341797 0.618164 0.0380859 0.391602 0.264648 
0.967773 0.786133 0.325195 0.53418 0.118164 0.538086 0.891602 0.764648 
0.717773 0.0361328 0.575195 0.28418 0.368164 0.788086 0.141602 0.514648 
0.217773 0.536133 0.0751953 0.78418 0.868164 0.288086 0.641602 0.0146484 
0.155273 0.473633 0.512695 0.59668 0.430664 0.475586 0.454102 0.327148 
0.655273 0.973633 0.0126953 0.0966797 0.930664 0.975586 0.954102 0.827148 
0.905273 0.223633 0.762695 0.84668 0.680664 0.725586 0.204102 0.577148 
0.405273 0.723633 0.262695 0.34668 0.180664 0.225586 0.704102 0.0771484 
0.280273 0.0986328 0.137695 0.47168 0.0556641 0.350586 0.0791016 0.702148 
0.780273 0.598633 0.637695 0.97168 0.555664 0.850586 0.579102 0.202148 
0.530273 0.348633 0.387695 0.22168 0.805664 0.600586 0.329102 0.452148 
0.0302734 0.848633 0.887695 0.72168 0.305664 0.100586 0.829102 0.952148 
0.0224609 0.450195 0.426758 0.104492 0.204102 0.311523 0.915039 0.881836 
0.522461 0.950195 0.926758 0.604492 0.704102 0.811523 0.415039 0.381836 
0.772461 0.200195 0.176758 0.354492 0.954102 0.561523 0.665039 0.131836 
0.272461 0.700195 0.676758 0.854492 0.454102 0.0615234 0.165039 0.631836 
0.397461 0.0751953 0.801758 0.979492 0.329102 0.436523 0.540039 0.00683594 
0.897461 0.575195 0.301758 0.479492 0.829102 0.936523 0.0400391 0.506836 
0.647461 0.325195 0.551758 0.729492 0.579102 0.686523 0.790039 0.756836 
0.147461 0.825195 0.0517578 0.229492 0.0791016 0.186523 0.290039 0.256836 
0.209961 0.137695 0.614258 0.416992 0.641602 0.124023 0.602539 0.0693359 
0.709961 0.637695 0.114258 0.916992 0.141602 0.624023 0.102539 0.569336 
0.959961 0.387695 0.864258 0.166992 0.391602 0.874023 0.852539 0.819336 
0.459961 0.887695 0.364258 0.666992 0.891602 0.374023 0.352539 0.319336 
0.334961 0.262695 0.239258 0.541992 0.766602 0.249023 0.977539 0.944336 
0.834961 0.762695 0.739258 0.0419922 0.266602 0.749023 0.477539 0.444336 
0.584961 0.0126953 0.489258 0.791992 0.0166016 0.999023 0.727539 0.194336 
0.0849609 0.512695 0.989258 0.291992 0.516602 0.499023 0.227539 0.694336 
0.116211 0.0439453 0.0830078 0.698242 0.485352 0.717773 0.383789 0.225586 
0.616211 0.543945 0.583008 0.198242 0.985352 0.217773 0.883789 0.725586 
0.866211 0.293945 0.333008 0.948242 0.735352 0.467773 0.133789 0.975586 
0.366211 0.793945 0.833008 0.448242 0.235352 0.967773 0.633789 0.475586 
0.491211 0.418945 0.708008 0.323242 0.110352 0.592773 0.00878906 0.850586 
0.991211 0.918945 0.208008 0.823242 0.610352 0.0927734 0.508789 0.350586 
0.741211 0.168945 0.958008 0.0732422 0.860352 0.342773 0.258789 0.100586 
0.241211 0.668945 0.458008 0.573242 0.360352 0.842773 0.758789 0.600586 
0.178711 0.356445 0.895508 0.760742 0.922852 0.905273 0.0712891 0.788086 
0.678711 0.856445 0.395508 0.260742 0.422852 0.405273 0.571289 0.288086 
0.928711 0.106445 0.645508 0.510742 0.172852 0.155273 0.321289 0.0380859 
0.428711 0.606445 0.145508 0.0107422 0.672852 0.655273 0.821289 0.538086 
0.303711 0.231445 0.270508 0.135742 0.547852 0.780273 0.446289 0.163086 
0.803711 0.731445 0.770508 0.635742 0.0478516 0.280273 0.946289 0.663086 
0.553711 0.481445 0.0205078 0.385742 0.297852 0.0302734 0.196289 0.913086 
0.0537109 0.981445 0.520508 0.885742 0.797852 0.530273 0.696289 0.413086 
0.0380859 0.21582 0.848633 0.588867 0.0634766 0.639648 0.149414 0.303711 
0.538086 0.71582 0.348633 0.0888672 0.563477 0.139648 0.649414 0.803711 
0.788086 0.46582 0.598633 0.838867 0.813477 0.389648 0.399414 0.553711 
0.288086 0.96582 0.0986328 0.338867 0.313477 0.889648 0.899414 0.0537109 
0.413086 0.34082 0.473633 0.463867 0.438477 0.514648 0.274414 0.678711 
0.913086 0.84082 0.973633 0.963867 0.938477 0.0146484 0.774414 0.178711 
0.663086 0.0908203 0.223633 0.213867 0.688477 0.264648 0.0244141 0.428711 
0.163086 0.59082 0.723633 0.713867 0.188477 0.764648 0.524414 0.928711 
0.225586 0.40332 0.161133 0.901367 0.500977 0.952148 0.336914 0.741211 
0.725586 0.90332 0.661133 0.401367 0.000976562 0.452148 0.836914 0.241211 
0.975586 0.15332 0.411133 0.651367 0.250977 0.202148 0.0869141 0.491211 
0.475586 0.65332 0.911133 0.151367 0.750977 0.702148 0.586914 0.991211 
0.350586 0.0283203 0.536133 0.0263672 0.875977 0.827148 0.211914 0.366211 
0.850586 0.52832 0.0361328 0.526367 0.375977 0.327148 0.711914 0.866211 
0.600586 0.27832 0.786133 0.276367 0.125977 0.0771484 0.461914 0.616211 
0.100586 0.77832 0.286133 0.776367 0.625977 0.577148 0.961914 0.116211 
0.0693359 0.30957 0.629883 0.245117 0.344727 0.358398 0.680664 0.584961 
0.569336 0.80957 0.129883 0.745117 0.844727 0.858398 0.180664 0.0849609 
0.819336 0.0595703 0.879883 0.495117 0.594727 0.608398 0.930664 0.334961 
0.319336 0.55957 0.379883 0.995117 0.0947266 0.108398 0.430664 0.834961 
0.444336 0.18457 0.00488281 0.870117 0.219727 0.483398 0.805664 0.459961 
0.944336 0.68457 0.504883 0.370117 0.719727 0.983398 0.305664 0.959961 
0.694336 0.43457 0.254883 0.620117 0.969727 0.733398 0.555664 0.709961 
0.194336 0.93457 0.754883 0.120117 0.469727 0.233398 0.0556641 0.209961 
0.131836 0.12207 0.317383 0.307617 0.782227 0.0458984 0.868164 0.397461 
0.631836 0.62207 0.817383 0.807617 0.282227 0.545898 0.368164 0.897461 
0.881836 0.37207 0.0673828 0.0576172 0.0322266 0.795898 0.618164 0.647461 
0.381836 0.87207 0.567383 0.557617 0.532227 0.295898 0.118164 0.147461 
0.256836 0.49707 0.942383 0.682617 0.657227 0.170898 0.743164 0.522461 
0.756836 0.99707 0.442383 0.182617 0.157227 0.670898 0.243164 0.0224609 
0.506836 0.24707 0.692383 0.932617 0.407227 0.920898 0.993164 0.272461 
0.00683594 0.74707 0.192383 0.432617 0.907227 0.420898 0.493164 0.772461 
0.00488281 0.249023 0.350586 0.711914 0.698242 0.543945 0.75293 0.700195 
0.504883 0.749023 0.850586 0.211914 0.198242 0.0439453 0.25293 0.200195 
0.754883 0.499023 0.100586 0.961914 0.448242 0.293945 0.50293 0.450195 
0.254883 0.999023 0.600586 0.461914 0.948242 0.793945 0.00292969 0.950195 
0.379883 0.374023 0.975586 0.336914 0.823242 0.668945 0.62793 0.325195 
0.879883 0.874023 0.475586 0.836914 0.323242 0.168945 0.12793 0.825195 
0.629883 0.124023 0.725586 0.0869141 0.0732422 0.418945 0.87793 0.575195 
0.129883 0.624023 0.225586 0.586914 0.573242 0.918945 0.37793 0.0751953 
0.192383 0.436523 0.663086 0.774414 0.135742 0.856445 0.69043 0.262695 
0.692383 0.936523 0.163086 0.274414 0.635742 0.356445 0.19043 0.762695 
0.942383 0.186523 0.913086 0.524414 0.885742 0.106445 0.94043 0.512695 
0.442383 0.686523 0.413086 0.0244141 0.385742 0.606445 0.44043 0.0126953 
0.317383 0.0615234 0.0380859 0.149414 0.260742 0.981445 0.81543 0.637695 
0.817383 0.561523 0.538086 0.649414 0.760742 0.481445 0.31543 0.137695 
0.567383 0.311523 0.288086 0.399414 0.510742 0.231445 0.56543 0.387695 
0.0673828 0.811523 0.788086 0.899414 0.0107422 0.731445 0.0654297 0.887695 
0.0986328 0.280273 0.131836 0.118164 0.979492 0.450195 0.28418 0.418945 
0.598633 0.780273 0.631836 0.618164 0.479492 0.950195 0.78418 0.918945 
0.848633 0.0302734 0.381836 0.368164 0.229492 0.700195 0.0341797 0.668945 
0.348633 0.530273 0.881836 0.868164 0.729492 0.200195 0.53418 0.168945 
0.473633 0.155273 0.506836 0.993164 0.604492 0.325195 0.15918 0.543945 
0.973633 0.655273 0.00683594 0.493164 0.104492 0.825195 0.65918 0.0439453 
0.723633 0.405273 0.756836 0.743164 0.354492 0.575195 0.40918 0.293945 
0.223633 0.905273 0.256836 0.243164 0.854492 0.0751953 0.90918 0.793945 
0.161133 0.0927734 0.819336 0.430664 0.416992 0.137695 0.22168 0.606445 
0.661133 0.592773 0.319336 0.930664 0.916992 0.637695 0.72168 0.106445 
0.911133 0.342773 0.569336 0.180664 0.666992 0.887695 0.47168 0.356445 
0.411133 0.842773 0.0693359 0.680664 0.166992 0.387695 0.97168 0.856445 
0.286133 0.467773 0.444336 0.555664 0.0419922 0.0126953 0.34668 0.481445 
0.786133 0.967773 0.944336 0.0556641 0.541992 0.512695 0.84668 0.981445 
0.536133 0.217773 0.194336 0.805664 0.791992 0.762695 0.0966797 0.731445 
0.0361328 0.717773 0.694336 0.305664 0.291992 0.262695 0.59668 0.231445 
0.0517578 0.483398 0.928711 0.227539 0.588867 0.40332 0.0498047 0.12207 
0.551758 0.983398 0.428711 0.727539 0.0888672 0.90332 0.549805 0.62207 
0.801758 0.233398 0.678711 0.477539 0.338867 0.65332 0.299805 0.87207 
0.301758 0.733398 0.178711 0.977539 0.838867 0.15332 0.799805 0.37207 
0.426758 0.108398 0.303711 0.852539 0.963867 0.27832 0.424805 0.99707 
0.926758 0.608398 0.803711 0.352539 0.463867 0.77832 0.924805 0.49707 
0.676758 0.358398 0.0537109 0.602539 0.213867 0.52832 0.174805 0.24707 
0.176758 0.858398 0.553711 0.102539 0.713867 0.0283203 0.674805 0.74707 
0.239258 0.170898 0.116211 0.290039 0.0263672 0.21582 0.487305 0.93457 
0.739258 0.670898 0.616211 0.790039 0.526367 0.71582 0.987305 0.43457 
0.989258 0.420898 0.366211 0.0400391 0.776367 0.96582 0.237305 0.18457 
0.489258 0.920898 0.866211 0.540039 0.276367 0.46582 0.737305 0.68457 
0.364258 0.295898 0.741211 0.665039 0.401367 0.0908203 0.112305 0.0595703 
0.864258 0.795898 0.241211 0.165039 0.901367 0.59082 0.612305 0.55957 
0.614258 0.0458984 0.991211 0.915039 0.651367 0.84082 0.362305 0.80957 
0.114258 0.545898 0.491211 0.415039 0.151367 0.34082 0.862305 0.30957 
0.0830078 0.0146484 0.584961 0.571289 0.870117 0.62207 0.518555 0.77832 
0.583008 0.514648 0.0849609 0.0712891 0.370117 0.12207 0.0185547 0.27832 
0.833008 0.264648 0.834961 0.821289 0.120117 0.37207 0.768555 0.0283203 
0.333008 0.764648 0.334961 0.321289 0.620117 0.87207 0.268555 0.52832 
0.458008 0.389648 0.209961 0.446289 0.745117 0.74707 0.893555 0.15332 
0.958008 0.889648 0.709961 0.946289 0.245117 0.24707 0.393555 0.65332 
0.708008 0.139648 0.459961 0.196289 0.495117 0.49707 0.643555 0.90332 
0.208008 0.639648 0.959961 0.696289 0.995117 0.99707 0.143555 0.40332 
0.145508 0.327148 0.397461 0.883789 0.307617 0.80957 0.956055 0.21582 
0.645508 0.827148 0.897461 0.383789 0.807617 0.30957 0.456055 0.71582 
0.895508 0.0771484 0.147461 0.633789 0.557617 0.0595703 0.706055 0.96582 
0.395508 0.577148 0.647461 0.133789 0.0576172 0.55957 0.206055 0.46582 
0.270508 0.202148 0.772461 0.00878906 0.182617 0.93457 0.581055 0.84082 
0.770508 0.702148 0.272461 0.508789 0.682617 0.43457 0.0810547 0.34082 
0.520508 0.452148 0.522461 0.258789 0.932617 0.18457 0.831055 0.0908203 
0.0205078 0.952148 0.0224609 0.758789 0.432617 0.68457 0.331055 0.59082 
0.0283203 0.350586 0.545898 0.375977 0.0810547 0.973633 0.416992 0.520508 
0.52832 0.850586 0.0458984 0.875977 0.581055 0.473633 0.916992 0.0205078 
0.77832 0.100586 0.795898 0.125977 0.831055 0.223633 0.166992 0.270508 
0.27832 0.600586 0.295898 0.625977 0.331055 0.723633 0.666992 0.770508 
0.40332 0.225586 0.170898 0.500977 0.456055 0.848633 0.0419922 0.395508 
0.90332 0.725586 0.670898 0.000976562 0.956055 0.348633 0.541992 0.895508 
0.65332 0.475586 0.420898 0.750977 0.706055 0.0986328 0.291992 0.645508 
0.15332 0.975586 0.920898 0.250977 0.206055 0.598633 0.791992 0.145508 
0.21582 0.0380859 0.483398 0.0634766 0.518555 0.661133 0.104492 0.458008 
0.71582 0.538086 0.983398 0.563477 0.0185547 0.161133 0.604492 0.958008 
0.96582 0.288086 0.233398 0.313477 0.268555 0.411133 0.354492 0.708008 
0.46582 0.788086 0.733398 0.813477 0.768555 0.911133 0.854492 0.208008 
0.34082 0.413086 0.858398 0.938477 0.893555 0.536133 0.479492 0.583008 
0.84082 0.913086 0.358398 0.438477 0.393555 0.0361328 0.979492 0.0830078 
0.59082 0.163086 0.608398 0.688477 0.143555 0.286133 0.229492 0.333008 
0.0908203 0.663086 0.108398 0.188477 0.643555 0.786133 0.729492 0.833008 
0.12207 0.131836 0.952148 0.782227 0.362305 0.00488281 0.885742 0.364258 
0.62207 0.631836 0.452148 0.282227 0.862305 0.504883 0.385742 0.864258 
0.87207 0.381836 0.702148 0.532227 0.612305 0.754883 0.635742 0.614258 
0.37207 0.881836 0.202148 0.0322266 0.112305 0.254883 0.135742 0.114258 
0.49707 0.256836 0.327148 0.157227 0.237305 0.129883 0.510742 0.739258 
0.99707 0.756836 0.827148 0.657227 0.737305 0.629883 0.0107422 0.239258 
0.74707 0.00683594 0.0771484 0.407227 0.987305 0.879883 0.760742 0.489258 
0.24707 0.506836 0.577148 0.907227 0.487305 0.379883 0.260742 0.989258 
0.18457 0.444336 0.0146484 0.719727 0.799805 0.317383 0.573242 0.676758 
0.68457 0.944336 0.514648 0.219727 0.299805 0.817383 0.0732422 0.176758 
0.93457 0.194336 0.264648 0.969727 0.0498047 0.567383 0.823242 0.426758 
0.43457 0.694336 0.764648 0.469727 0.549805 0.0673828 0.323242 0.926758 
0.30957 0.0693359 0.639648 0.344727 0.674805 0.442383 0.948242 0.301758 
0.80957 0.569336 0.139648 0.844727 0.174805 0.942383 0.448242 0.801758 
0.55957 0.319336 0.889648 0.0947266 0.424805 0.692383 0.698242 0.551758 
0.0595703 0.819336 0.389648 0.594727 0.924805 0.192383 0.198242 0.0517578 
0.0439453 0.116211 0.249023 0.922852 0.19043 0.0830078 0.651367 0.161133 
0.543945 0.616211 0.749023 0.422852 0.69043 0.583008 0.151367 0.661133 
0.793945 0.366211 0.499023 0.672852 0.94043 0.833008 0.901367 0.911133 
0.293945 0.866211 0.999023 0.172852 0.44043 0.333008 0.401367 0.411133 
0.418945 0.491211 0.624023 0.0478516 0.31543 0.208008 0.776367 0.786133 
0.918945 0.991211 0.124023 0.547852 0.81543 0.708008 0.276367 0.286133 
0.668945 0.241211 0.874023 0.297852 0.56543 0.958008 0.526367 0.0361328 
0.168945 0.741211 0.374023 0.797852 0.0654297 0.458008 0.0263672 0.536133 
0.231445 0.303711 0.811523 0.610352 0.62793 0.270508 0.838867 0.848633 
0.731445 0.803711 0.311523 0.110352 0.12793 0.770508 0.338867 0.348633 
0.981445 0.0537109 0.561523 0.860352 0.37793 0.520508 0.588867 0.0986328 
0.481445 0.553711 0.0615234 0.360352 0.87793 0.0205078 0.0888672 0.598633 
0.356445 0.178711 0.436523 0.485352 0.75293 0.395508 0.713867 0.223633 
0.856445 0.678711 0.936523 0.985352 0.25293 0.895508 0.213867 0.723633 
0.606445 0.428711 0.186523 0.235352 0.00292969 0.645508 0.963867 0.973633 
0.106445 0.928711 0.686523 0.735352 0.50293 0.145508 0.463867 0.473633 
0.0751953 0.397461 0.280273 0.266602 0.47168 0.926758 0.182617 0.942383 
0.575195 0.897461 0.780273 0.766602 0.97168 0.426758 0.682617 0.442383 
0.825195 0.147461 0.0302734 0.0166016 0.72168 0.176758 0.432617 0.192383 
0.325195 0.647461 0.530273 0.516602 0.22168 0.676758 0.932617 0.692383 
0.450195 0.0224609 0.905273 0.641602 0.0966797 0.801758 0.307617 0.0673828 
0.950195 0.522461 0.405273 0.141602 0.59668 0.301758 0.807617 0.567383 
0.700195 0.272461 0.655273 0.891602 0.84668 0.0517578 0.0576172 0.817383 
0.200195 0.772461 0.155273 0.391602 0.34668 0.551758 0.557617 0.317383 
0.137695 0.209961 0.717773 0.204102 0.90918 0.739258 0.370117 0.00488281 
0.637695 0.709961 0.217773 0.704102 0.40918 0.239258 0.870117 0.504883 
0.887695 0.459961 0.967773 0.454102 0.15918 0.489258 0.120117 0.754883 
0.387695 0.959961 0.467773 0.954102 0.65918 0.989258 0.620117 0.254883 
0.262695 0.334961 0.0927734 0.829102 0.53418 0.614258 0.245117 0.879883 
0.762695 0.834961 0.592773 0.329102 0.0341797 0.114258 0.745117 0.379883 
0.512695 0.0849609 0.342773 0.579102 0.28418 0.364258 0.495117 0.129883 
0.0126953 0.584961 0.842773 0.0791016 0.78418 0.864258 0.995117 0.629883 
0.00878906 0.416992 0.0732422 0.52832 0.334961 0.149414 0.116211 0.547852 
0.508789 0.916992 0.573242 0.0283203 0.834961 0.649414 0.616211 0.0478516 
0.758789 0.166992 0.323242 0.77832 0.584961 0.899414 0.366211 0.297852 
0.258789 0.666992 0.823242 0.27832 0.0849609 0.399414 0.866211 0.797852 
0.383789 0.0419922 0.698242 0.40332 0.209961 0.0244141 0.491211 0.422852 
0.883789 0.541992 0.198242 0.90332 0.709961 0.524414 0.991211 0.922852 
0.633789 0.291992 0.948242 0.15332 0.959961 0.774414 0.241211 0.672852 
0.133789 0.791992 0.448242 0.65332 0.459961 0.274414 0.741211 0.172852 
0.196289 0.229492 0.885742 0.96582 0.772461 0.461914 0.428711 0.485352 
0.696289 0.729492 0.385742 0.46582 0.272461 0.961914 0.928711 0.985352 
0.946289 0.479492 0.635742 0.71582 0.0224609 0.711914 0.178711 0.735352 
0.446289 0.979492 0.135742 0.21582 0.522461 0.211914 0.678711 0.235352 
0.321289 0.354492 0.260742 0.0908203 0.647461 0.336914 0.0537109 0.610352 
0.821289 0.854492 0.760742 0.59082 0.147461 0.836914 0.553711 0.110352 
0.571289 0.104492 0.0107422 0.34082 0.397461 0.586914 0.303711 0.360352 
0.0712891 0.604492 0.510742 0.84082 0.897461 0.0869141 0.803711 0.860352 
0.102539 0.0732422 0.416992 0.18457 0.116211 0.868164 0.584961 0.329102 
0.602539 0.573242 0.916992 0.68457 0.616211 0.368164 0.0849609 0.829102 
0.852539 0.323242 0.166992 0.43457 0.866211 0.118164 0.834961 0.579102 
0.352539 0.823242 0.666992 0.93457 0.366211 0.618164 0.334961 0.0791016 
0.477539 0.448242 0.791992 0.80957 0.491211 0.993164 0.959961 0.704102 
0.977539 0.948242 0.291992 0.30957 0.991211 0.493164 0.459961 0.204102 
0.727539 0.198242 0.541992 0.55957 0.741211 0.243164 0.709961 0.454102 
0.227539 0.698242 0.0419922 0.0595703 0.241211 0.743164 0.209961 0.954102 
0.165039 0.260742 0.604492 0.37207 0.553711 0.555664 0.897461 0.641602 
0.665039 0.760742 0.104492 0.87207 0.0537109 0.0556641 0.397461 0.141602 
0.915039 0.0107422 0.854492 0.12207 0.303711 0.305664 0.647461 0.391602 
0.415039 0.510742 0.354492 0.62207 0.803711 0.805664 0.147461 0.891602 
0.290039 0.135742 0.229492 0.74707 0.928711 0.680664 0.522461 0.266602 
0.790039 0.635742 0.729492 0.24707 0.428711 0.180664 0.0224609 0.766602 
0.540039 0.385742 0.479492 0.99707 0.178711 0.430664 0.772461 0.516602 
0.0400391 0.885742 0.979492 0.49707 0.678711 0.930664 0.272461 0.0166016 
0.0556641 0.182617 0.651367 0.0439453 0.444336 0.790039 0.819336 0.125977 
0.555664 0.682617 0.151367 0.543945 0.944336 0.290039 0.319336 0.625977 
0.805664 0.432617 0.901367 0.293945 0.694336 0.0400391 0.569336 0.875977 
0.305664 0.932617 0.401367 0.793945 0.194336 0.540039 0.0693359 0.375977 
0.430664 0.307617 0.0263672 0.918945 0.0693359 0.915039 0.694336 0.750977 
0.930664 0.807617 0.526367 0.418945 0.569336 0.415039 0.194336 0.250977 
0.680664 0.0576172 0.276367 0.668945 0.819336 0.165039 0.944336 0.000976562 
0.180664 0.557617 0.776367 0.168945 0.319336 0.665039 0.444336 0.500977 
0.243164 0.495117 0.338867 0.481445 0.881836 0.602539 0.631836 0.813477 
0.743164 0.995117 0.838867 0.981445 0.381836 0.102539 0.131836 0.313477 
0.993164 0.245117 0.0888672 0.231445 0.131836 0.352539 0.881836 0.0634766 
0.493164 0.745117 0.588867 0.731445 0.631836 0.852539 0.381836 0.563477 
0.368164 0.120117 0.963867 0.606445 0.506836 0.727539 0.756836 0.188477 
0.868164 0.620117 0.463867 0.106445 0.00683594 0.227539 0.256836 0.688477 
0.618164 0.370117 0.713867 0.856445 0.256836 0.477539 0.506836 0.938477 
0.118164 0.870117 0.213867 0.356445 0.756836 0.977539 0.00683594 0.438477 
0.0869141 0.338867 0.870117 0.637695 0.225586 0.196289 0.350586 0.969727 
0.586914 0.838867 0.370117 0.137695 0.725586 0.696289 0.850586 0.469727 
0.836914 0.0888672 0.620117 0.887695 0.975586 0.946289 0.100586 0.219727 
0.336914 0.588867 0.120117 0.387695 0.475586 0.446289 0.600586 0.719727 
0.461914 0.213867 0.495117 0.262695 0.350586 0.0712891 0.225586 0.0947266 
0.961914 0.713867 0.995117 0.762695 0.850586 0.571289 0.725586 0.594727 
0.711914 0.463867 0.245117 0.0126953 0.600586 0.821289 0.475586 0.844727 
0.211914 0.963867 0.745117 0.512695 0.100586 0.321289 0.975586 0.344727 
0.149414 0.0263672 0.182617 0.825195 0.663086 0.383789 0.163086 0.0322266 
0.649414 0.526367 0.682617 0.325195 0.163086 0.883789 0.663086 0.532227 
0.899414 0.276367 0.432617 0.575195 0.413086 0.633789 0.413086 0.782227 
0.399414 0.776367 0.932617 0.0751953 0.913086 0.133789 0.913086 0.282227 
0.274414 0.401367 0.557617 0.200195 0.788086 0.258789 0.288086 0.907227 
0.774414 0.901367 0.0576172 0.700195 0.288086 0.758789 0.788086 0.407227 
0.524414 0.151367 0.807617 0.450195 0.0380859 0.508789 0.0380859 0.157227 
0.0244141 0.651367 0.307617 0.950195 0.538086 0.00878906 0.538086 0.657227 
0.0166016 0.0498047 0.75293 0.317383 0.952148 0.329102 0.717773 0.727539 
0.516602 0.549805 0.25293 0.817383 0.452148 0.829102 0.217773 0.227539 
0.766602 0.299805 0.50293 0.0673828 0.202148 0.579102 0.967773 0.477539 
0.266602 0.799805 0.00292969 0.567383 0.702148 0.0791016 0.467773 0.977539 
0.391602 0.424805 0.37793 0.692383 0.577148 0.454102 0.842773 0.352539 
0.891602 0.924805 0.87793 0.192383 0.0771484 0.954102 0.342773 0.852539 
0.641602 0.174805 0.12793 0.942383 0.327148 0.704102 0.592773 0.602539 
0.141602 0.674805 0.62793 0.442383 0.827148 0.204102 0.0927734 0.102539 
0.204102 0.362305 0.19043 0.129883 0.389648 0.0166016 0.780273 0.290039 
0.704102 0.862305 0.69043 0.629883 0.889648 0.516602 0.280273 0.790039 
0.954102 0.112305 0.44043 0.379883 0.639648 0.766602 0.530273 0.540039 
0.454102 0.612305 0.94043 0.879883 0.139648 0.266602 0.0302734 0.0400391 
0.329102 0.237305 0.56543 0.754883 0.0146484 0.141602 0.655273 0.665039 
0.829102 0.737305 0.0654297 0.254883 0.514648 0.641602 0.155273 0.165039 
0.579102 0.487305 0.81543 0.504883 0.764648 0.891602 0.905273 0.415039 
0.0791016 0.987305 0.31543 0.00488281 0.264648 0.391602 0.405273 0.915039 
0.110352 0.456055 0.72168 0.973633 0.733398 0.672852 0.249023 0.383789 
0.610352 0.956055 0.22168 0.473633 0.233398 0.172852 0.749023 0.883789 
0.860352 0.206055 0.97168 0.723633 0.483398 0.422852 0.499023 0.633789 
0.360352 0.706055 0.47168 0.223633 0.983398 0.922852 0.999023 0.133789 
0.485352 0.0810547 0.0966797 0.0986328 0.858398 0.547852 0.374023 0.508789 
0.985352 0.581055 0.59668 0.598633 0.358398 0.0478516 0.874023 0.00878906 
0.735352 0.331055 0.34668 0.348633 0.108398 0.297852 0.124023 0.258789 
0.235352 0.831055 0.84668 0.848633 0.608398 0.797852 0.624023 0.758789 
0.172852 0.143555 0.28418 0.536133 0.170898 0.985352 0.311523 0.571289 
0.672852 0.643555 0.78418 0.0361328 0.670898 0.485352 0.811523 0.0712891 
0.922852 0.393555 0.0341797 0.786133 0.920898 0.235352 0.0615234 0.321289 
0.422852 0.893555 0.53418 0.286133 0.420898 0.735352 0.561523 0.821289 
0.297852 0.268555 0.90918 0.411133 0.295898 0.860352 0.186523 0.446289 
0.797852 0.768555 0.40918 0.911133 0.795898 0.360352 0.686523 0.946289 
0.547852 0.0185547 0.65918 0.161133 0.545898 0.110352 0.436523 0.696289 
0.0478516 0.518555 0.15918 0.661133 0.0458984 0.610352 0.936523 0.196289 
0.0322266 0.28418 0.456055 0.864258 0.842773 0.719727 0.483398 0.0869141 
0.532227 0.78418 0.956055 0.364258 0.342773 0.219727 0.983398 0.586914 
0.782227 0.0341797 0.206055 0.614258 0.0927734 0.469727 0.233398 0.836914 
0.282227 0.53418 0.706055 0.114258 0.592773 0.969727 0.733398 0.336914 
0.407227 0.15918 0.831055 0.239258 0.717773 0.594727 0.108398 0.961914 
0.907227 0.65918 0.331055 0.739258 0.217773 0.0947266 0.608398 0.461914 
0.657227 0.40918 0.581055 0.489258 0.467773 0.344727 0.358398 0.211914 
0.157227 0.90918 0.0810547 0.989258 0.967773 0.844727 0.858398 0.711914 

